11100101
10111011
11001010
11110100
01110010
10011100
00100011
10101110
11110011
01010111
11101111
10001001
01101001
00011111
01101100
00001111
01100011
10000110
00101011
01111011
00001111
01111000
00001100
00110000
11010101
10010010
00011111
01110011
00000101
00111010
01110100
01000100
10111010
11010111
10001110
11011110
01010111
11000111
10110000
00111000
11001011
01001010
00110110
10001111
11001011
10101101
10100100
00011111
00101101
00000000
11101010
00011111
10010101
01110111
00110000
10110100
11001001
00010000
01111100
10111111
00011011
01110001
11011010
00111011
10101111
11100100
01001110
01110010
10100000
11010101
00010111
10010001
00111100
01111000
11111011
00110101
11111110
10100111
01110100
10110110
11010110
00110000
10001111
01010110
00110011
11111100
10011100
00100001
10100110
11110001
00110100
00011100
11010011
01001000
01011100
10100100
00001110
01000000
10011110
00100000
01000101
10010111
11000101
00011100
11100110
00001001
01100110
10011100
00100001
00000011
10010011
01011011
01000010
01111100
11001001
11011111
00011001
10101110
00101010
11110010
10010101
11101111
10100010
00100001
11010011
10010111
01101001
11010100
10111110
11100111
01000101
11001010
11010011
10111010
00110111
11000011
11011010
00111110
11110100
10010000
10110001
00001101
10001001
11101111
11110100
10100111
00000000
00101101
10001110
01101100
10011000
11101000
10111010
10010111
11101110
10111101
10110111
01101101
01111000
11011001
10001101
00001110
11001001
11000010
11010010
00111101
10010111
10000101
10010001
00001011
10000110
10011110
11011110
00110110
11110001
01100011
00000001
10001111
11001110
11001001
10101000
01011000
00010001
11101010
11111110
11000101
01110101
11110111
10111111
00110111
01101001
00110001
00000111
11110111
00101001
01101011
00111111
01010110
10001101
10101110
11110000
01010000
11100000
01000011
00111000
11010101
00110011
11100100
01100011
11011110
01010011
11011001
11000100
10110110
00111101
11100010
11111101
01100010
11011001
01001110
11101011
01000010
00110010
10111000
01000101
10101001
10010101
10111101
11010101
11110000
11010100
11111000
01101111
00101000
11001001
10100010
10110100
11100110
00011001
11110001
11110011
11101011
01001010
01011100
01011111
01100110
10010110
11011010
10111100
10001000
11001100
11000000
01101100
11100101
01000010
11001101
11001001
01010000
11111001
01000010
00101101
01111111
00110101
01111010
01110000
01000110
10101101
00010100
01111111
01011010
11011010
11001101
00110001
00110000
11010000
01110000
11101101
11000010
11001010
01001011
01000100
10000010
00010000
01100111
11111111
10011110
10001000
11010001
11100000
00111101
01000101
00000100
11100011
11110010
01110001
10100111
11011110
11111001
11100011
01011101
00101110
10100100
00101111
00010011
11011111
00111011
11011110
10010110
10000100
00101011
01001001
01101100
11101110
01100011
11101110
10000010
10000100
10100111
10010000
00101000
10100101
11100010
01101100
11010111
00011001
10001010
00011110
00001111
01010000
01101101
10011100
00001011
01110000
11010110
01101010
00010111
11101101
01001010
00110101
01101111
10101101
10001111
01011100
01001010
10011001
10000100
10010000
11101001
00000100
10000100
00111010
10100010
00001101
00111010
00011011
11111011
10001111
01101111
10100101
01001001
10111111
00100100
00001111
10101111
00110101
01001111
11000000
00101000
11100110
10100001
11011011
11110111
11001110
00101111
11000000
01101111
01011000
00010001
10010111
11000100
01100000
11011100
01000101
11000011